image_width: 3072
image_height: 2048
camera_name: narrow_stereo
camera_matrix:
  rows: 3
  cols: 3
  data: [3375.69973,    0.     , 1448.88238,
            0.     , 3371.33931, 1031.76691,
            0.     ,    0.     ,    1.     ]
distortion_model: plumb_bob
distortion_coefficients:
  rows: 1
  cols: 5
  data: [-0.113999, 0.157223, 0.001427, 0.000356, 0.000000]
rectification_matrix:
  rows: 3
  cols: 3
  data: [1., 0., 0.,
         0., 1., 0.,
         0., 0., 1.]
projection_matrix:
  rows: 3
  cols: 4
  data: [3317.80078,    0.     , 1447.89609,    0.     ,
            0.     , 3339.7002 , 1033.28205,    0.     ,
            0.     ,    0.     ,    1.     ,    0.     ]
